3.08402 0 2896
3.16144 2896 4344
3.16144 4344 5792
3.1712 5792 7240
3.24049 7240 8688
3.25443 8688 10136
3.27612 10136 11584
3.2827 11584 13032
3.3237 13032 14480
3.33735 14480 15928
3.36874 15928 17376
3.39636 17376 18824
3.42754 18824 20272
3.42887 20272 21720
3.42956 21720 23168
3.49885 23168 24616
3.50551 24616 26064
3.56761 26064 27512
3.62847 27512 28960
3.64966 28960 30408
3.65085 30408 31856
3.65251 31856 33304
3.6639 33304 34752
3.67791 34752 36200
3.71808 36200 37648
3.73189 37648 39096
3.75402 39096 40544
3.81507 40544 41992
3.82133 41992 43440
3.82698 43440 44888
3.83811 44888 46336
3.84134 46336 47784
3.84202 47784 49232
3.84674 49232 50680
3.84786 50680 52128
3.8564 52128 53576
3.89826 53576 55024
3.93252 55024 56472
4.00134 56472 57920
4.00519 57920 59368
4.04836 59368 60816
4.05958 60816 62264
4.06785 62264 63712
4.07291 63712 65160
4.07537 65160 66608
4.096 66608 68056
4.09698 68056 69504
4.10449 69504 70952
4.1285 70952 72400
4.14627 72400 73848
4.15645 73848 75296
4.16433 75296 76744
4.17497 76744 78192
4.18431 78192 79640
4.31962 79640 78192
4.31962 78192 76744
4.31962 76744 78192
4.42274 78192 76744
4.47918 76744 75296
4.50811 75296 76744
4.51343 76744 78192
4.51396 78192 79640
4.52667 79640 78192
4.52667 78192 79640
4.57411 79640 78192
4.57411 78192 79640
4.58127 79640 78192
4.58127 78192 79640
4.6181 79640 78192
4.6181 78192 79640
4.65364 79640 78192
4.65364 78192 79640
4.65953 79640 78192
4.65953 78192 79640
4.6935 79640 78192
4.6935 78192 79640
4.69857 79640 78192
4.69857 78192 79640
4.72559 79640 78192
4.72559 78192 79640
4.74994 79640 78192
4.74994 78192 79640
4.75045 79640 78192
4.75045 78192 79640
4.77876 79640 78192
4.77876 78192 79640
4.78474 79640 95678
4.80621 95678 92672
4.80621 92672 91224
4.80621 91224 92672
4.82122 92672 91224
4.82698 91224 89776
4.85449 89776 88328
4.89253 88328 86880
4.89253 86880 89776
4.89746 89776 88328
4.91772 88328 86880
4.91772 86880 82585
4.92053 82585 81137
4.92053 81137 82585
4.94519 82585 81137
4.94519 81137 82585
4.94592 82585 81137
4.94592 81137 82585
4.96287 82585 81137
4.96287 81137 82585
4.97046 82585 81137
4.97046 81137 82585
4.97471 82585 82897
4.97484 82897 81449
4.97484 81449 82897
4.99157 82897 84345
4.99194 84345 85793
4.99579 85793 84345
4.99579 84345 85793
4.99636 85793 87241
4.9965 87241 88689
5.01083 88689 90137
5.01474 90137 91585
5.01503 91585 93033
5.01518 93033 94481
5.02848 94481 95228
5.03239 95228 93780
5.03239 93780 95228
5.03263 95228 93780
5.03263 93780 95228
5.04641 95228 93780
5.04641 93780 95228
5.04653 95228 93780
5.04653 93780 95228
5.05662 95228 93780
5.05662 93780 95228
5.06052 95228 93780
5.06052 93780 95228
5.0794 95228 93780
5.0794 93780 95228
5.09548 95228 71027
5.09582 71027 69579
5.09582 69579 71027
5.09607 71027 69579
5.09607 69579 71027
5.09941 71027 69579
5.09941 69579 71027
5.11172 71027 69579
5.11172 69579 71027
5.11805 71027 69579
5.11805 69579 71027
5.14552 71027 69579
5.14552 69579 71027
5.15924 71027 69579
5.15924 69579 71027
5.16548 71027 69579
5.16548 69579 71027
5.18154 71027 69579
5.18154 69579 68131
5.25849 68131 69398
5.26382 69398 70846
5.26842 70846 71789
5.27169 71789 73237
5.27295 73237 74685
5.28186 74685 76133
5.28668 76133 77568
5.56575 77568 76120
5.56575 76120 77568
5.58728 77568 76120
5.58728 76120 77568
5.60651 77568 76120
5.60651 76120 77568
5.62661 77568 76120
5.62661 76120 77568
5.64182 77568 76120
5.64182 76120 77568
5.6663 77568 76120
5.6663 76120 77568
5.68151 77568 76120
5.68151 76120 77568
5.69742 77568 76120
5.69742 76120 77568
5.70316 77568 76120
5.70316 76120 77568
5.7214 77568 76120
5.7214 76120 77568
5.72805 77568 76120
5.72805 76120 77568
5.74056 77568 76120
5.74056 76120 77568
5.78712 77568 79016
5.7919 79016 80464
5.79683 80464 79016
5.79683 79016 80464
5.80633 80464 79016
5.80633 79016 80464
5.81134 80464 79016
5.81134 79016 80464
5.81933 80464 79016
5.81933 79016 80464
5.82122 80464 1448
5.82771 1448 2896
5.82771 2896 5792
5.83254 5792 7240
5.83676 7240 8688
5.84376 8688 10136
5.84627 10136 11584
5.85195 11584 13032
5.85616 13032 14480
5.86015 14480 15928
5.86553 15928 17376
5.87306 17376 18824
5.87837 18824 20272
5.88254 20272 21720
5.88564 21720 23168
5.89165 23168 24616
5.89619 24616 26064
5.90229 26064 27512
5.9063 27512 28960
5.91046 28960 30408
5.91546 30408 31856
5.92324 31856 33304
5.92709 33304 34752
5.9321 34752 36200
5.93671 36200 37648
5.94064 37648 39096
5.94616 39096 40544
5.96041 40544 41992
5.96906 41992 43440
5.97166 43440 44888
5.97768 44888 46336
5.98644 46336 47784
5.99498 47784 49232
6.00669 49232 50680
6.01752 50680 5106
6.01752 5106 5792
6.02207 5792 7240
6.02612 7240 8688
6.03297 8688 10136
6.03613 10136 11584
6.03957 11584 13032
6.04439 13032 14480
6.05005 14480 15928
6.05767 15928 17376
6.06138 17376 18824
6.06849 18824 20272
6.07255 20272 21720
6.07536 21720 23168
6.08805 23168 24616
6.94064 24616 1448
7.02778 1448 2896
7.02778 2896 5792
7.10874 5792 7240
7.11778 7240 8688
7.12458 8688 10136
7.13053 10136 11584
7.18975 11584 13032
7.20017 13032 14480
7.20602 14480 15928
7.21705 15928 17376
7.22074 17376 18824
7.23076 18824 20272
7.2364 20272 21720
7.2493 21720 23168
7.27352 23168 24616
7.28572 24616 26064
7.28972 26064 27512
7.29744 27512 28960
7.30082 28960 30408
7.31062 30408 31856
7.32002 31856 33304
7.32445 33304 34752
7.33182 34752 36200
7.33498 36200 37648
7.34462 37648 39096
7.34907 39096 40544
7.35224 40544 41992
7.36497 41992 43440
7.36705 43440 44888
7.37008 44888 46336
7.38038 46336 47623
7.40477 47623 48527
7.41783 48527 49085
7.42041 49085 49838
7.43215 49838 51286
7.43674 51286 52062
7.44989 52062 52648
7.46188 52648 52820
7.46609 52820 54268
7.4689 54268 55331
7.50151 55331 56466
7.53388 56466 56795
7.55878 56795 57460
7.58361 57460 58330
7.60304 58330 59778
7.60837 59778 59951
7.62025 59951 61025
7.62277 61025 62423
7.63475 62423 63871
7.63873 63871 64415
7.64297 64415 65121
7.65211 65121 66569
7.65543 66569 67512
7.67938 67512 68212
7.6874 68212 68681
7.69076 68681 68838
7.69807 68838 68899
7.70576 68899 69461
7.71293 69461 70909
7.71668 70909 71933
7.72886 71933 72919
7.76966 72919 70023
7.79944 70023 70375
7.83217 70375 70521
7.85528 70521 71969
7.86074 71969 72536
7.87317 72536 34752
7.87317 34752 33304
7.87317 33304 34752
7.93868 34752 36200
7.94132 36200 37648
7.94448 37648 39096
7.94998 39096 40544
7.95311 40544 41992
7.95888 41992 43440
7.96255 43440 44888
7.96595 44888 46336
7.9683 46336 72536
7.9683 72536 30415
7.9683 30415 31863
7.97258 31863 33311
7.98106 33311 34759
7.98799 34759 36207
7.98818 36207 37655
7.99047 37655 39103
7.99065 39103 40551
8.00181 40551 41999
8.00557 41999 43447
8.0061 43447 44895
8.00865 44895 46343
8.01316 46343 47791
8.02069 47791 49239
8.02322 49239 50687
8.02639 50687 52135
8.03024 52135 53583
8.03539 53583 55031
8.0401 55031 56479
8.04206 56479 57927
8.04279 57927 59375
8.04571 59375 60823
8.05613 60823 62271
8.0599 62271 63719
8.06002 63719 65167
8.06016 65167 66615
8.06953 66615 68063
8.07353 68063 69511
8.07824 69511 70959
8.08011 70959 72407
8.08787 72407 72536
8.33542 72536 40544
8.33542 40544 39096
8.33542 39096 40544
8.4238 40544 41992
8.42827 41992 43440
8.43173 43440 44888
8.43482 44888 43440
8.43482 43440 44888
8.43971 44888 46336
8.44625 46336 44888
8.44625 44888 46336
8.44642 46336 47784
8.45712 47784 49232
8.46177 49232 50680
8.46236 50680 52128
8.46257 52128 53576
8.46274 53576 55024
8.46684 55024 56472
8.47331 56472 57920
8.47655 57920 59368
8.48468 59368 60816
8.48849 60816 62264
8.48869 62264 63712
8.48946 63712 65160
8.49538 65160 66608
8.50451 66608 68056
8.50902 68056 69504
8.50915 69504 70952
8.50933 70952 72400
8.52021 72400 72536
8.54112 72536 71088
8.54112 71088 72536
8.55722 72536 30415
8.55722 30415 31863
8.56166 31863 33311
8.56726 33311 34759
8.56747 34759 36200
8.63399 36200 37648
8.64228 37648 39096
8.64571 39096 37648
8.64571 37648 39096
8.64832 39096 37648
8.64832 37648 39096
8.65251 39096 40544
8.65863 40544 41992
8.66185 41992 43440
8.66275 43440 44888
8.66835 44888 46336
8.67464 46336 47784
8.67486 47784 49232
8.67697 49232 50680
8.68146 50680 52128
8.68985 52128 53576
8.69456 53576 55024
8.69513 55024 56472
8.69863 56472 57920
8.7019 57920 59368
8.70937 59368 60816
8.70953 60816 62264
8.71399 62264 63712
8.71834 63712 65160
8.72686 65160 66608
8.7311 66608 68056
8.73202 68056 69504
8.73688 69504 30415
8.73688 30415 31863
8.74021 31863 33311
8.74448 33311 34759
8.74938 34759 36207
8.75321 36207 37655
8.75524 37655 39103
8.75852 39103 40551
8.76348 40551 41999
8.76746 41999 43447
8.76928 43447 44895
8.77274 44895 46343
8.77832 46343 47791
8.78249 47791 49239
8.78476 49239 50687
8.78847 50687 52135
8.79308 52135 53583
8.79671 53583 55031
8.80103 55031 56479
8.80477 56479 57927
8.8082 57927 59375
8.81124 59375 60823
8.81602 60823 62271
8.81983 62271 63719
8.82172 63719 65167
8.82497 65167 66615
8.83496 66615 68063
8.83855 68063 69511
8.83868 69511 70959
8.84868 70959 72407
8.85201 72407 72536
8.91541 72536 71937
8.91877 71937 73385
8.92257 73385 74833
8.92578 74833 75669
8.92941 75669 75289
8.9326 75289 74849
8.93887 74849 74679
8.94519 74679 74588
8.94903 74588 74450
8.95258 74450 74330
8.95564 74330 74117
8.95894 74117 73824
8.96239 73824 73674
8.96594 73674 73436
8.96831 73436 73227
8.9733 73227 73152
8.99866 73152 73070
9.00549 73070 73061
9.00828 73061 72899
9.01121 72899 72758
9.02149 72758 72690
9.02546 72690 72682
9.02935 72682 72675
9.0456 72675 72597
9.04818 72597 72493
9.05975 72493 73941
9.06329 73941 75389
9.1744 75389 76837
9.17549 76837 78285
9.17917 78285 79733
9.18585 79733 80002
9.19883 80002 80964
9.20578 80964 80971
9.20595 80971 82419
9.20663 82419 83867
9.21057 83867 85315
9.21516 85315 86465
9.2154 86465 87688
9.22044 87688 89136
9.22058 89136 90273
9.24666 90273 91721
9.25194 91721 91840
9.29177 91840 88944
9.31195 88944 88978
9.31636 88978 89028
9.31692 89028 90476
9.32385 90476 90865
9.32686 90865 92313
9.3316 92313 92540
9.3318 92540 92891
9.35184 92891 92972
9.35291 92972 94420
9.35955 94420 95868
9.36394 95868 96493
9.36671 96493 96684
9.36735 96684 98132
9.36758 98132 99580
9.36772 99580 101028
9.37035 101028 102476
9.37666 102476 103924
9.37924 103924 105372
9.38068 105372 106820
9.38271 106820 108268
9.38288 108268 109716
9.38782 109716 110371
9.64479 110371 81088
9.64479 81088 79640
9.64479 79640 81088
9.74965 81088 82536
9.75088 82536 81088
9.75088 81088 82536
9.75111 82536 83984
9.75132 83984 85432
9.75151 85432 86880
9.757 86880 88328
9.75816 88328 89776
9.75909 89776 91224
9.75993 91224 92672
9.76164 92672 94120
9.76247 94120 95568
9.76622 95568 97016
9.76878 97016 98464
9.77077 98464 99912
9.77167 99912 101360
9.77199 101360 102808
9.77476 102808 104256
9.78202 104256 105704
9.78277 105704 107152
9.7875 107152 105704
9.7875 105704 107152
9.78837 107152 105704
9.78837 105704 107152
9.79414 107152 108600
9.79773 108600 110048
9.8 110048 110371
9.82631 110371 111819
9.82918 111819 113267
9.84811 113267 111819
9.84811 111819 113267
9.89533 113267 111819
9.89533 111819 113267
9.89882 113267 111819
9.89882 111819 113267
9.90427 113267 110371
9.94002 110371 108923
9.94002 108923 110371
9.94676 110371 30415
9.94676 30415 31863
9.94922 31863 33311
9.95197 33311 34759
9.95406 34759 102808
9.9798 102808 101360
